thw
*

2 1

  4

  3
:om
21
 5
346

12

  7
:ua
20



1 3
 2
:ab
19
 2
  3

1

  4
 5
:ak
18

  2

143

 56
:as
17
 2
 34

1

  5
:ah
16

 32

145

 76
:an
15

  2

1

  3
:am
14
 5
346
 2
1

  7
:al
13
 2
  3

1
 5
  4
:az
12
  2
  5

134

  6
:ar
11

  2

134

  5
:at
10

 25

134

  6
:la
~

1 3

 2

4
:ek
´
 2


 34

165
:sh
1

  1


 3
  2
:ao
0


 2
1 3
:st
^
  4
21

 3

  5
:wh
2
1
3 2

5 4

  6
:'
3
  1





  2
:k
4

  1

3 2

4 5
:a
5

  2

1
:o
6



1 2
:u
7



1

  2
:i
8

12


 3
:e
{
  2
1
:y
9

  2



1
:t
+

 14


 23
  5
:d
!

1 3

  2

  4
:w
#

2 1

  3

  4
:m
¤

2 4
13


  5
:n
%

  2
 1


  3
:r
&

  1

2 3

  4
:b
/
1
  2



  3
4
:s
(
1
2 3



  4
:z
)

 14

2 3

  5
:l
=
1
  2


4
  3
:-
?



1 2
:p
£
1
 25

 34

  5
:h
$

2 1

3 4

6 5
:j
<
 4
3 5
 21


  6
:f
>

  1

5
4
 32